Stopped at epoch: 67

--- Training Scores ---
accuracy: 0.9855
loss: 0.0449

--- Validation Scores ---
val_accuracy: 0.9876
val_loss: 0.0418

--- Classification Report ---
              precision    recall  f1-score   support

           0       0.99      0.99      0.99       980
           1       0.99      1.00      0.99      1135
           2       0.98      0.99      0.98      1032
           3       0.99      1.00      0.99      1010
           4       0.99      1.00      0.99       982
           5       0.99      0.98      0.99       892
           6       0.99      0.99      0.99       958
           7       0.99      0.99      0.99      1028
           8       0.99      0.98      0.99       974
           9       0.99      0.97      0.98      1009

    accuracy                           0.99     10000
   macro avg       0.99      0.99      0.99     10000
weighted avg       0.99      0.99      0.99     10000

--- Confusion Matrix ---
[[ 968    0    4    0    1    2    3    1    0    1]
 [   0 1130    3    1    0    0    0    1    0    0]
 [   2    2 1022    0    0    0    1    3    2    0]
 [   0    0    2 1005    0    1    0    1    0    1]
 [   0    0    0    0  978    0    0    0    1    3]
 [   1    0    2    6    0  878    2    2    1    0]
 [   1    4    0    0    2    2  947    0    2    0]
 [   0    3    5    1    1    0    0 1017    0    1]
 [   4    0    2    2    3    2    1    0  957    3]
 [   3    1    7    2    6    2    2    1    2  983]]